0.0005828516306547575
0.0005391223674227313
0.0005574898838088668
0.0005571631634894308
0.000570050572676273
0.0005370006363417297
0.0005512575858777669
0.0005704150696222809
0.0005490743501864885
0.0005617761601947299
0.0005522701558303205
0.0005676468752941835
0.0005799268757269602
0.0005381680152550082
0.0005429689645421971
0.0005503869599177323
0.0005490710819761111
0.0005404641844301954
0.0005463334254618155
0.0005740366008434883
0.0005419107458930451
0.0005404457888490127
0.000539105375887919
0.000571533356213451
0.0005436889351574764
0.0005437763827964822
0.0005772686789270321
0.0005681723084149264
0.0005397051858322613
0.0005783437113792647
0.0005923989405441259
0.0005529257208411524
0.0005388855138053494
0.0005402303410370629
0.0005461936484034573
0.0005602387991645649
0.0005453503150195021
0.0005453997630331264
0.000546488754711239
0.000552868935119484
0.000563313722835818
0.000559624360290599
0.0005399996480529271
0.000542275031926308
0.0005513637577460716
0.0005682569687247977
0.0005829691247111573
0.0005423359420932564
0.0005672649855290681
0.0005652113120701548
0.0005772186209844823
0.0005453219940367879
0.0005555914493353043
0.0005385987445572563
0.0005475154142401181
0.0005659019367593598
0.0005501482309712613
0.0005405075529251306
0.0005559356601132626
0.000559149967126952
0.0005550462532828131
0.0005422795692631229
0.0005765543990033303
0.0005413189763586509
0.0005573792213576661
0.0005653318157204666
0.0005411881386989966
0.0005504986486349573
0.00056362348411404
0.0005757701391577797
0.0005601544744541489
0.0005489013076657342
0.0005378366700218068
0.000553808443014288
0.0005458949529513376
0.0005491962223797594
0.0005564381705392538
0.0005543881979025223
0.0005583222322683198
0.0005508788039709952
0.0005628761789231143
0.0005421484020965573
0.0005629580671687995
0.0005492298031885927
0.0005521388813696864
0.0005556571167131583
0.0005399174654297327
0.0005549054525287142
0.0005720422228028363
0.0005539451008057532
0.0005436673320393611
0.0005791027823282948
0.0005788366671671876
0.0005800821757408984
0.0005574948683856076
0.0005514609697640265
0.0005684249622383719
0.000548199563091306
0.0005412469529966945
0.0005623931725647848
